-9.993999999999999773e+00 9.730000000000000000e+02 5.200000000000000178e-01
9.644999999999999574e+00 1.674600000000000000e+04 2.000000000000000042e-03
7.610000000000000320e+00 7.334000000000000000e+03 2.129999999999999949e-01
1.520000000000000018e+00 4.000000000000000000e+01 0.000000000000000000e+00
8.070000000000000284e+00 8.988000000000000000e+03 1.409999999999999865e-01
-9.612000000000000099e+00 5.240000000000000000e+02 2.900000000000000147e-02
5.262999999999999901e+00 2.089000000000000000e+03 1.300000000000000044e-01
8.839000000000000412e+00 1.233800000000000000e+04 1.270000000000000018e-01
7.025000000000000355e+00 5.569000000000000000e+03 1.350000000000000089e-01
3.563000000000000167e+00 5.750000000000000000e+02 1.000000000000000056e-01
4.168000000000000149e+00 9.620000000000000000e+02 1.260000000000000009e-01
7.586000000000000298e+00 7.257000000000000000e+03 5.000000000000000104e-03
2.927999999999999936e+00 3.050000000000000000e+02 3.200000000000000067e-02
6.876000000000000334e+00 5.176000000000000000e+03 2.699999999999999969e-02
4.626999999999999780e+00 1.359000000000000000e+03 7.000000000000000146e-03
8.999000000000000554e+00 1.313300000000000000e+04 3.200000000000000067e-02
9.875999999999999446e+00 1.820500000000000000e+04 4.000000000000000083e-03
9.061999999999999389e+00 1.345900000000000000e+04 8.400000000000000522e-02
5.878999999999999559e+00 3.035000000000000000e+03 2.299999999999999961e-02
7.386000000000000121e+00 6.618000000000000000e+03 0.000000000000000000e+00
6.570999999999999730e+00 4.430000000000000000e+03 1.000000000000000021e-03
4.607999999999999652e+00 1.341000000000000000e+03 3.699999999999999817e-02
4.145999999999999908e+00 9.450000000000000000e+02 0.000000000000000000e+00
-9.683999999999999275e+00 6.020000000000000000e+02 3.000000000000000062e-03
4.815000000000000391e+00 1.552000000000000000e+03 4.000000000000000083e-03
7.650999999999999801e+00 7.474000000000000000e+03 1.310000000000000053e-01
5.407000000000000028e+00 2.289000000000000000e+03 1.140000000000000041e-01
5.684000000000000163e+00 2.707000000000000000e+03 2.900000000000000147e-02
4.916999999999999815e+00 1.665000000000000000e+03 4.420000000000000040e-01
4.967999999999999972e+00 1.722000000000000000e+03 3.000000000000000062e-03
5.479000000000000092e+00 2.392000000000000000e+03 1.340000000000000080e-01
2.882000000000000117e+00 2.900000000000000000e+02 4.000000000000000083e-02
5.205000000000000071e+00 2.013000000000000000e+03 4.000000000000000083e-03
6.868000000000000327e+00 5.154000000000000000e+03 5.700000000000000205e-02
-9.782999999999999474e+00 7.140000000000000000e+02 5.000000000000000104e-03
8.792999999999999261e+00 1.211600000000000000e+04 1.700000000000000122e-01
6.567999999999999616e+00 4.423000000000000000e+03 8.000000000000000167e-03
8.352999999999999758e+00 1.012800000000000000e+04 4.599999999999999922e-02
3.996999999999999886e+00 8.380000000000000000e+02 4.000000000000000083e-03
9.180999999999999162e+00 1.408900000000000000e+04 7.699999999999999900e-02
8.132999999999999119e+00 9.233000000000000000e+03 1.899999999999999953e-02
4.200999999999999623e+00 9.870000000000000000e+02 1.000000000000000021e-02
8.585000000000000853e+00 1.114300000000000000e+04 3.160000000000000031e-01
9.271000000000000796e+00 1.457500000000000000e+04 1.209999999999999964e-01
9.212999999999999190e+00 1.426300000000000000e+04 1.000000000000000021e-02
-9.573999999999999844e+00 4.850000000000000000e+02 4.700000000000000011e-02
2.617999999999999883e+00 2.140000000000000000e+02 1.680000000000000104e-01
9.419999999999999929e+00 1.541400000000000000e+04 4.100000000000000172e-02
6.929000000000000270e+00 5.312000000000000000e+03 2.710000000000000187e-01
-9.506999999999999673e+00 4.170000000000000000e+02 1.320000000000000062e-01
6.602999999999999758e+00 4.506000000000000000e+03 1.799999999999999864e-02
4.073999999999999844e+00 8.920000000000000000e+02 4.800000000000000100e-02
7.174999999999999822e+00 5.988000000000000000e+03 2.020000000000000129e-01
5.447000000000000064e+00 2.345000000000000000e+03 3.500000000000000333e-02
4.084999999999999964e+00 9.000000000000000000e+02 2.210000000000000020e-01
8.451000000000000512e+00 1.054900000000000000e+04 3.000000000000000062e-03
7.219999999999999751e+00 6.118000000000000000e+03 1.150000000000000050e-01
5.613999999999999879e+00 2.597000000000000000e+03 2.999999999999999889e-02
5.514000000000000234e+00 2.445000000000000000e+03 4.000000000000000083e-03
8.195000000000000284e+00 9.481000000000000000e+03 0.000000000000000000e+00
6.296000000000000263e+00 3.829000000000000000e+03 1.400000000000000029e-02
7.293000000000000149e+00 6.336000000000000000e+03 4.000000000000000083e-03
5.807999999999999829e+00 2.913000000000000000e+03 1.140000000000000041e-01
5.341999999999999638e+00 2.197000000000000000e+03 8.500000000000000611e-02
5.459999999999999964e+00 2.365000000000000000e+03 1.899999999999999953e-02
-9.992000000000000881e+00 9.690000000000000000e+02 2.000000000000000042e-03
5.855000000000000426e+00 2.994000000000000000e+03 1.600000000000000033e-02
6.027000000000000135e+00 3.303000000000000000e+03 5.600000000000000117e-02
4.804999999999999716e+00 1.541000000000000000e+03 6.199999999999999956e-02
9.214999999999999858e+00 1.427200000000000000e+04 7.599999999999999811e-02
9.413999999999999702e+00 1.538200000000000000e+04 1.700000000000000122e-02
